5026
6459
7146
2582
1988
4636
21
6464
6116
3553
8552
7496
1658
9264
1770
450
3264
3013
8602
1903
6911
5866
1490
9458
5388
5246
7536
3163
3888
4413
9146
1965
4360
7250
5380
272
1666
2867
8337
1992
1114
6664
4809
6984
8323
2301
9761
4692
5121
1357
1543
5822
1467
2442
9178
8155
5222
7474
3973
7939
7843
1307
1710
4544
7552
5780
2563
2733
2098
8067
9721
585
2262
6520
274
9398
9315
60
8435
5083
8418
8951
8781
5473
4596
3020
2557
9165
7394
891
6448
2379
691
647
1602
3076
9743
989
9229
92
707
6804
4721
8637
863
233
5651
7532
385
970
3863
1856
9578
8544
4845
5445
9218
2632
542
5212
1180
5954
5086
5783
6560
8272
28
826
3534
9352
5854
5943
9799
3113
5382
3110
770
8662
1163
5465
7052
2278
7792
4790
6645
5527
7053
5734
9561
3428
6202
2063
2267
6736
569
4280
4576
761
9942
8814
3822
6155
1737
9160
132
6991
9123
822
9577
5849
4933
3364
3727
1481
2462
555
2228
254
7026
3753
5126
5725
876
676
9522
2700
9286
2995
9277
3536
2326
5765
3112
6426
9289
8906
3628
4325
4217
3035
1407
9308
6181
8167
6348
8043
8304
7655
6312
5850
4875
7015
9464
9553
3394
888
5674
7828
8950
9767
6270
5102
7520
6895
2360
5464
8012
236
4273
495
729
5778
534
2380
8797
472
2158
1515
2750
6913
9267
6441
8736
7586
5445
3768
1463
2525
3741
863
1461
6020
1127
1146
8844
8904
3513
2391
4060
3990
9107
3420
8529
5101
9566
4232
9663
7420
4660
9135
3659
1391
4666
9858
4849
813
3969
2953
6071
1985
587
6442
4034
6407
6224
2379
7369
8175
836
7662
7757
7141
1924
5800
5939
7371
9730
9117
8646
1487
6983
4933
6728
7138
3716
6528
2498
372
5269
4180
7116
2261
7011
3748
5004
2146
4384
8991
2082
6254
1142
2501
7132
2482
6370
2553
8268
7032
4564
714
2889
742
5003
6181
1121
7668
6552
8272
9322
8619
6569
6930
1966
2853
611
5721
3589
1845
9516
8100
158
1239
8952
4091
4723
4899
2036
2049
2336
702
4456
967
1717
6578
3900
5926
1691
5874
7781
2040
2616
3027
9346
6019
9536
6839
4753
7741
8142
8635
9134
5141
6419
5537
2377
1087
9479
7538
8959
5388
5798
6001
9701
50
9766
515
1516
9442
1853
9980
8260
1695
5771
2243
469
1960
6612
9530
8768
6609
7903
5398
1939
8450
5700
3780
7580
7537
5797
7688
7921
2897
4127
6565
6361
9331
1084
1069
245
1948
7076
5220
4589
9635
9808
5632
4794
1868
7248
4921
7058
5214
3726
4782
1060
501
9461
7209
469
3719
7882
9861
1540
6086
1196
2018
3451
7164
2079
1190
2547
8129
8052
3989
8415
9521
4010
8856
191
6175
838
1120
402
7530
5631
9758
4804
2643
4172
7829
8994
944
688
5356
8919
5038
6218
3586
1786
9746
5520
6647
5471
5430
9021
4708
9565
1467
6149
4105
4749
7738
520
1557
7283
1799
1886
5703
6002
7731
6433
4863
3710
2298
781
9571
2399
6248
4301
1627
3198
7285
7751
9639
2750
2695
9441
2027
4417
5638
6576
4845
1462
31
54
5047
5633
9730
6238
7164
9518
5409
5481
7629
4054
8204
5881
2289
9429
6703
2540
759
2626
1944
8700
7561
4737
4196
6312
6749
2139
1732
3556
9272
5759
6519
321
9624
794
1218
3092
6751
1198
8909
4443
8589
6362
9417
692
5942
6093
2470
6850
7892
8883
1298
4971
9181
3511
3879
1507
1599
2093
767
109
1577
491
5534
64
5303
3066
6854
8249
1478
3487
4737
9669
6906
3360
256
5675
2554
3744
6247
3885
9793
6019
419
4634
4066
4285
8216
3493
8713
2714
3353
473
7390
5937
4476
3731
6354
5712
4762
4324
7110
9969
8913
547
2539
6383
5808
3842
8120
9286
3962
2315
5687
2643
1643
5713
5237
8727
4408
9209
8238
6814
9736
9333
961
8716
9198
7799
4296
1910
7425
7921
6189
5863
4241
8612
6975
1167
4095
3306
8437
6796
3445
5336
4892
1908
9049
361
542
9323
9358
2050
7518
124
1905
1867
6269
8774
9635
9879
4993
3292
9678
2479
4403
7595
7627
1283
3191
1557
2420
3156
3622
2695
7087
3826
4423
4587
6585
1263
6971
9531
9233
8995
5239
332
2472
311
8074
1654
9635
2256
6846
2866
6099
152
2639
1191
4566
2159
1053
6710
5225
7011
2593
6229
9327
4765
4273
5992
3388
4407
4283
6592
5104
1765
7503
2804
9944
3716
8806
9467
7933
371
3109
6329
785
8842
4139
2904
7184
2896
5123
1928
9535
9693
9140
5531
7316
7099
8424
5816
2997
9623
6384
8910
4288
2241
9755
3312
8609
4766
970
4420
1492
5616
1188
8537
8730
2779
7926
1616
4156
105
8795
5331
3379
8211
3594
4990
2319
5158
4279
9091
6339
9157
2448
5947
2547
1422
6449
534
6708
5963
5534
7567
3239
6602
3059
9157
7218
8953
3899
3657
2830
8636
2470
7078
1264
3118
7748
7573
3931
2687
3356
3012
7955
7742
4081
6110
7928
409
6227
8169
1329
9579
7526
5623
2723
9086
8122
212
7498
6951
9398
9949
6467
3049
522
7954
6315
4205
6394
6991
38
3197
9221
418
5001
7211
5038
994
1725
2472
6076
48
4308
2467
6944
7616
3717
8358
7317
8660
6733
7432
7799
6682
2176
8184
453
6839
1144
1376
5485
5759
9660
1573
7891
2314
5119
1163
8631
9599
4221
3397
2810
1594
5080
835
4040
8970
7045
7857
5242
322
3470
8294
7404
5165
8669
3314
260
9852
684
8568
8860
8705
6383
4789
7461
6868
743
5982
1914
7281
4366
9329
4702
5747
8958
8306
9019
5990
8113
4255
6934
352
5509
1953
5297
3239
1818
4896
8960
2523
4372
5702
1716
4077
7085
7110
1185
538
116
3285
7542
5375
144
957
7536
7713
4890
6993
5711
1815
1114
1024
1686
7759
3667
3880
5652
5913
103
5110
7815
4707
1322
9197
1303
7696
1200
7785
9004